; Depth Map Surface Transform
; Line 1 of 7
0.26719
0.26719
0.26719
0.26719
0.26719
0.26719
0.26719
; Line 2 of 7
0.43074
-0.31719
-0.09063
0.03750
-0.09687
-0.30781
0.22832
; Line 3 of 7
-0.25824
-0.29219
-0.04375
0.08438
-0.00938
-0.31250
-0.29175
; Line 4 of 7
0.22031
-0.16875
0.02969
0.00000
0.01406
-0.18438
0.21094
; Line 5 of 7
0.28255
-0.04375
0.02656
0.03281
-0.00625
-0.10781
0.50894
; Line 6 of 7
1.41143
0.25313
-0.09375
-0.16875
-0.16406
0.29688
1.44194
; Line 7 of 7
-0.22969
-0.22969
-0.22969
-0.22969
-0.22969
-0.22969
-0.22969
