; Depth Map Surface Transform
; Line 1 of 7
0.23125
0.23125
0.23125
0.23125
0.23125
0.23125
0.23125
; Line 2 of 7
2.03201
-0.11250
-0.10625
-0.10000
-0.13750
-0.21875
1.60805
; Line 3 of 7
0.40677
-0.10625
-0.16875
-0.18750
-0.13125
-0.11875
0.41690
; Line 4 of 7
-0.06250
-0.12500
-0.13125
0.00000
-0.05625
-0.03750
0.06250
; Line 5 of 7
0.62360
0.01250
-0.03750
-0.03125
-0.00625
0.02500
0.68137
; Line 6 of 7
2.15258
0.08750
0.00000
-0.03750
-0.03750
-0.01250
1.94668
; Line 7 of 7
-0.17500
-0.17500
-0.17500
-0.17500
-0.17500
-0.17500
-0.17500
