; Depth Map Surface Transform
; Line 1 of 7
0.18750
0.18750
0.18750
0.18750
0.18750
0.18750
0.18750
; Line 2 of 7
1.08957
-0.18125
-0.08125
0.00625
-0.10625
-0.11875
0.56961
; Line 3 of 7
0.09013
-0.14375
-0.03125
0.03125
-0.02500
-0.18125
-0.18125
; Line 4 of 7
0.21250
-0.03750
0.05625
0.00000
-0.00625
-0.11875
-0.03125
; Line 5 of 7
0.23669
-0.05000
0.01250
0.03750
0.02500
-0.05625
0.17008
; Line 6 of 7
0.94869
0.07500
-0.03125
-0.01250
-0.04375
0.04375
1.04981
; Line 7 of 7
-0.11250
-0.11250
-0.11250
-0.11250
-0.11250
-0.11250
-0.11250
