; Depth Map Surface Transform
; Line 1 of 7
0.03125
0.03125
0.03125
0.03125
0.03125
0.03125
0.03125
; Line 2 of 7
2.70379
0.05625
-0.08125
-0.05625
-0.15625
-0.32500
2.03131
; Line 3 of 7
0.81498
0.18125
-0.02500
-0.12500
-0.15000
-0.35625
0.33029
; Line 4 of 7
0.35625
0.19375
0.15625
0.00000
-0.12500
-0.16875
-0.21250
; Line 5 of 7
1.13462
0.35000
0.16250
0.12500
0.01875
-0.01250
0.57596
; Line 6 of 7
2.66438
0.38750
0.23750
0.09375
0.01250
0.01875
2.08383
; Line 7 of 7
-0.02500
-0.02500
-0.02500
-0.02500
-0.02500
-0.02500
-0.02500
